A W S Y
1 0.987020812463015 4.72973062148844 1.61599009931274
1 3.48617313429713 11.0053833884486 3.03347230577481
1 5.36291636992246 9.74427869237362 27.9976209515652
1 0.337731309700757 6.29838507676501 0.913425610818451
1 3.06403160328045 2.12858722407378 4.42569606253843
1 5.84602653048933 10.749015864452 30.9751801898804
1 2.42696320638061 5.85195140134877 3.07476580977793
1 9.75008044624701 3.8311922704383 10.775186188726
1 1.99322380591184 0.860532717437899 3.16818822063787
1 4.95810316177085 5.21830560478574 1.67129264692762
1 7.66894799424335 3.938806207946 10.4878850330679
1 4.44348707329482 3.2630719236759 5.07178138084451
1 5.54476446239278 6.48245009958274 17.7055211455769
1 0.474390259478241 2.85898444060738 2.7251914948671
1 1.44737049005926 6.02159247589891 2.88808505258633
1 5.65890576690435 9.7205542246366 26.5620226329069
1 8.95915458444506 15.3569592787962 45.952246631412
1 8.63600097363815 4.78255764495889 11.1850806644025
1 8.86285936459899 7.66641656399008 24.7488434087536
1 8.5947950812988 8.73031037207091 24.2044775861194
1 4.82896054163575 3.59211992816608 3.52061156631596
1 5.70642366772518 2.93562218237338 9.70861159547544
1 2.09936674451455 2.13184500098629 2.64544643264472
1 6.93834568373859 10.9888601424904 31.2971612559815
1 9.15335757425055 6.07423107670439 17.2234313156093
1 1.47551209898666 11.7180379967125 3.88961486107895
1 6.8317664321512 3.97218396294939 10.5663558920645
1 9.47865887079388 12.3818165187115 36.6346726468173
1 0.0877130473963916 7.89969099063525 2.12996109548042
1 5.28906409628689 5.99434555315583 14.9829258404243
1 4.48164043482393 9.53310182324879 2.81652680085361
1 9.789281450212 8.90296734263129 25.2160363216545
1 4.18012269074097 6.22371256255422 1.81679759630659
1 9.81213778723031 3.35552671455223 8.91592641105079
1 3.75737690366805 4.66557546202393 3.16395254115526
1 3.27965592034161 2.36696738893558 2.75609699461398
1 8.3823509933427 5.22696379877338 16.4268359732872
1 7.38072364125401 1.07433381093106 2.677066741413
1 5.08496424648911 5.21094694983741 12.9614397202656
1 5.22629987215623 13.8539586118813 40.705494747271
1 6.51999818626791 3.91816029279067 10.7331185270148
1 6.74019006080925 13.9946571941813 39.1241330044244
1 7.34589495230466 7.95682034917003 22.9286215889243
1 8.24713324662298 15.4325512551285 45.1739622773917
1 9.66164858313277 7.35473865924805 22.0850639941961
1 1.11385941738263 5.46172897745975 0.674426190508622
1 2.37139999633655 2.80450169523935 2.95875766565493
1 8.13615112798288 4.53520642674353 13.3959586666255
1 5.21728792227805 4.5910128656441 13.2121805048611
1 8.35072298767045 5.11834001411671 13.2997563526083
1 8.09746503829956 5.34451479197508 15.3194895931123
1 3.85514351539314 2.73506497422156 0.446908543331878
1 4.27718241233379 7.97851087922029 1.48067827885668
1 9.21228605089709 3.44594995662896 8.9073161815216
1 4.06529355095699 5.67570107982061 2.92315128925828
1 4.00587448151782 7.39042707432235 4.6148484913891
1 5.38999560056254 6.08897661460366 17.1784071413138
1 9.52439514221624 3.27203022631775 8.14417270513218
1 1.6010391456075 1.56311660560878 1.82377319856024
1 6.20554277207702 5.42259411959352 15.9276523412555
1 6.36027247644961 9.60216358263165 27.0781894919355
1 0.336924227885902 4.12707178598342 3.43567655298051
1 1.74979106523097 2.76489537016652 3.12582067083207
1 8.69761739624664 5.55286685232903 15.240098824732
1 9.44424709537998 2.06356420968581 6.16394493983275
1 6.77057279041037 1.58690801858495 3.36459120827654
1 9.33766887756065 3.62017034088569 11.3859265222074
1 2.02101216418669 2.11431293810483 1.93388231231052
1 2.30590610299259 12.1449183162817 0.822609014566243
1 6.62983406800777 4.74723267984397 12.5628324086082
1 4.70453416695818 10.6692648939388 0.927409080188708
1 2.59901581564918 9.51397140978508 3.35467373590777
1 6.99585360940546 6.36585836683084 17.046477025323
1 4.99646887183189 13.4722082487083 1.49233526402726
1 8.08242142433301 2.26240863733503 5.5727544270764
1 2.1261685108766 8.70894767964049 -0.659318717853507
1 7.02770622679964 5.6068331097223 17.4089859581223
1 6.94816427771002 3.83505294753295 10.9124498499368
1 3.31549203488976 3.18398061520891 3.08603000085348
1 4.41417146474123 3.76092023850009 4.03424007384333
1 6.43534127855673 15.1815659902311 44.0748546534887
1 4.85890653682873 6.09564278691975 3.60076474008507
1 7.99501258414239 5.60460673456135 18.3234923788149
1 4.39097327413037 10.3794923465394 4.7307199350694
1 0.991462636739016 11.95338707229 1.97556547668332
1 9.06597696477547 3.71106802220973 11.3043781325567
1 6.17278111865744 4.00451419914191 11.9707975452396
1 5.03753899596632 5.50453202524861 16.1581163872432
1 8.73698210576549 7.00039922886532 21.1870718245637
1 6.0779029969126 4.65770841972376 15.294572951387
1 0.0560272438451648 7.10698487490869 2.07805364114736
1 7.73047688882798 3.97499766804134 11.9886494805096
1 7.17541104182601 4.71003218694597 14.5457106268062
1 8.48548539914191 17.1098379792957 48.3632349293015
1 5.96870622364804 7.15960173223127 19.3347231286153
1 3.14058519201353 6.57716427714676 3.22834068013437
1 9.10326360492036 8.87725758324367 26.746995451121
1 2.29234242113307 7.87845148533777 3.60052364506686
1 8.50927807157859 8.34278636173011 24.2216263035031
1 8.46197735751048 6.38155351151421 17.8409562431213
1 6.16531380685046 3.53656808492602 9.28005055888588
1 5.3564812312834 8.90268444945097 25.5579248818723
1 6.71125802444294 1.45962940785659 3.9376228633179
1 9.43967459024861 13.1487745569801 39.3587295529956
1 8.59794488875195 5.79272198143026 16.1744374430164
1 2.40579602541402 3.53771970196468 1.04272078488256
1 2.65018345089629 1.99514184932005 2.02373797674063
1 2.2099264129065 6.82215681719443 2.10686267600304
1 4.11944278283045 1.36333836328541 3.56590686864717
1 4.41795392893255 5.5825208259326 4.67927885375423
1 3.71264402288944 12.7882496141938 1.66955033826567
1 3.37609514128417 4.48700940726092 2.33988533478301
1 2.07414298783988 4.94873308146137 3.62640422309804
1 9.33203583816066 9.4458471522904 26.7994197805904
1 6.44703531404957 4.34785863292514 13.0494145110085
1 0.901701538823545 1.04970038602129 2.8417212715846
1 5.25376694276929 7.57287230907087 22.3350499957111
1 1.26969848293811 4.98285660022242 2.84097259498359
1 8.67799767758697 7.54964697691233 22.2743418612927
1 6.15919914562255 6.22962269225934 18.3897197758504
1 0.414535829331726 3.88810936252635 1.9429687804734
1 7.35064592445269 2.29583718634872 5.97663528115037
1 2.2801282000728 2.74995144032543 3.02156756700818
1 1.47358970018104 7.87507688641489 1.91908241981247
1 1.92814993672073 7.0193164187165 2.17392317838525
1 5.51637995522469 7.0260472258304 22.4718909898575
1 9.7766952123493 4.77809458477613 14.1713104909543
1 9.20069734333083 7.47094680035265 20.6896063756258
1 6.6893569775857 7.20604963673501 21.8442153472652
1 7.85842071520165 4.97156860592903 14.4779044079712
1 3.89201764250174 2.61592332639532 3.51628174672944
1 0.427492277231067 1.18462085694348 1.72684238127122
1 1.00097103742883 6.08905765858629 3.20032479525233
1 9.82676130486652 3.07416742885535 9.16692385418346
1 7.70730652613565 9.05588297727773 26.1532791061595
1 2.10186254000291 3.82300939245124 4.37514892029164
1 9.14357329253107 5.39535940178171 15.3583088030528
1 5.9592667943798 2.84133597820551 7.41071807852657
1 2.27678959723562 11.3271876257626 2.77685146126232
1 7.00781554915011 3.21089228236392 9.85156238260953
1 3.29001230653375 2.63549772533788 3.3671825672703
1 6.88293878920376 12.3345245217421 35.7248848839232
1 9.7607989795506 12.1066152761344 35.701913326204
1 6.21401994721964 8.24768491377101 22.6055047107497
1 8.04735761601478 3.99423701069657 10.7390143262629
1 9.61749146459624 12.0071657991222 34.4535134529933
1 5.04655448487028 4.52367995422431 14.3699182715562
1 2.15436176862568 4.03412482085912 1.93431530241182
1 7.58795245317742 6.31063632318438 18.0381425715991
1 8.1299113156274 6.7128005207183 19.3725650176096
1 9.55656168283895 0.747059262329035 2.41305718093894
1 8.06968343211338 9.45913561194211 28.7791675494429
1 4.03294577496126 4.57981975616032 2.84467607865796
1 5.98804442910478 1.93759432693077 5.82761690439793
1 6.84990372043103 6.09139617407582 17.3560318912298
1 2.38325080135837 6.13214088455988 4.1427023245894
1 6.74416471738368 8.05225649688698 22.7451220556055
1 7.20800871262327 4.27540375623565 9.66878322127518
1 8.14417203189805 10.709309529786 31.3628132729161
1 9.50050935149193 13.2781520065842 39.2985608581975
1 0.925007269252092 3.71840188357485 2.0037152853885
1 4.79697903152555 12.8376964682779 3.75934370091877
1 2.72621014155447 3.36197866278863 2.60698959568837
1 8.29356409609318 3.46172958276967 9.09106110966773
1 5.13524351874366 7.14318272383099 22.3311862884662
1 8.73739812755957 3.28015469738506 9.25258666420737
1 8.01164338132367 18.2186798532142 52.8077778711922
1 0.209944327361882 0.722102199761524 2.84008776124037
1 0.929189710877836 2.18527395425045 2.29808378606788
1 2.05960339168087 15.2911760952305 2.58698981105298
1 8.61244583735242 1.44530629025099 4.64614298661047
1 7.603475372307 2.05743636759819 6.61090457207537
1 1.82710302760825 5.30504376102599 0.300838289992897
1 3.44966297736391 4.89599433514432 5.05377327679304
1 8.65510050673038 12.9339120246283 36.1358974147379
1 0.447105385828763 11.6946752963093 3.54178460431093
1 2.45108063565567 2.71813437887143 4.98730357962384
1 7.70209040492773 18.2992801392094 52.6385273389608
1 2.25569244474173 3.01147533087085 1.3553340265521
1 2.16567092109472 2.72043421056711 2.9279420840189
1 6.80439257761464 7.55589620868238 22.2390554515614
1 8.74936621170491 4.96027155541142 15.8438718371942
1 1.71296623768285 2.50793529674088 1.91621985762706
1 2.09780259756371 4.7215008134238 2.57237328729125
1 5.2284633484669 5.66500627172489 16.1187703533021
1 3.87774958042428 7.42282258231791 2.54680492252079
1 4.75256972014904 4.47304299714542 4.06569721366771
1 7.56402705097571 4.65607431024198 12.7660109667716
1 0.337478171568364 3.48893278208595 3.53829311783489
1 6.93762813229114 8.07952391312637 23.5458628496401
1 1.06388521380723 7.13718199923295 1.13027022038494
1 3.46238611033186 7.75297306888268 3.73452390012489
1 2.91970016434789 4.78594017668131 3.09031321141711
1 7.29947691317648 7.56300808870254 21.1891547183206
1 1.65655938442796 6.64542924864416 2.99362454180722
1 4.07719788374379 12.5492233382174 3.87351568637374
1 2.30312318075448 5.44591703069171 2.44343665119285
1 8.28796294284984 5.61042459482219 15.3615252253504
1 4.77835320634767 3.23729835000236 3.19531639371972
1 4.97881026938558 4.37641668210229 0.842702567620768
1 1.92600349429995 8.83823623463224 2.56092405228284
1 6.17103582480922 9.32637725093551 26.4560514005199
1 8.96036497782916 10.5981530281727 29.8944608647244
1 4.40289644990116 10.7480670162701 3.01458672868507
1 0.188530304003507 7.473569482944 4.01762869863499
1 2.57173431338742 6.94772424097447 4.30763808995362
1 8.56043366715312 4.83542060620175 12.9094282396673
1 5.1267816289328 3.98864706102229 10.5618343860603
1 8.5303761344403 10.605759069124 29.2388212004294
1 8.58140405965969 9.24965557351408 28.4087949779363
1 1.12045435467735 6.02188496421829 2.13877121266593
1 3.88590252259746 11.6750546726034 2.78419948348602
1 8.73465340584517 7.68966493013984 23.7473832925338
1 9.82365985866636 8.05825948273348 25.1389898717253
1 0.211973276454955 1.26510603242095 1.32482473918863
1 3.48664039513096 5.35141859963423 1.29283708015398
1 1.2784693040885 7.10496458443837 3.38386959319724
1 7.72005530074239 6.54248727643136 17.8517643645541
1 3.36817021016032 0.810255481897872 0.90551474535718
1 4.15469449246302 12.3567384595271 3.9128068064702
1 8.86076637078077 6.68563616963308 18.4059548528313
1 9.11645887652412 5.6928759974371 16.1742241341422
1 2.52110358094797 2.25325458601981 2.3368572878697
1 4.12758306134492 3.41551528093333 1.98278970066009
1 1.33527045836672 7.43280774993779 3.94740692482717
1 3.56506601907313 16.2908096769846 3.32169285029252
1 2.21743030240759 18.6626925302206 2.45272926395219
1 2.39706980530173 10.6708858787075 4.44018841985698
1 9.11667898530141 6.64729300293831 16.7864912874316
1 2.63535843696445 7.41873878883037 3.96313807199868
1 8.37681614328176 7.52054720192224 21.299249609665
1 9.87860845867544 9.76537766354922 26.5846161790672
1 0.840737773105502 12.918585708944 3.18513283396228
1 6.70870062662289 7.73059564208959 20.9471036127185
1 1.04742077179253 6.08289658218852 3.31586976232253
1 1.10769140068442 8.43552295034976 2.73486799422903
1 3.40290921740234 5.24450069873964 2.06345903210177
1 1.08655856689438 6.60574911778092 3.28012324464879
1 3.70239882031456 2.80171647283109 2.44320628829072
1 1.43305853940547 4.28096602462578 3.22959757462442
1 5.37152300588787 5.18329239275952 14.9179397078237
1 0.31036565778777 9.95823756592429 3.30046778440931
1 2.35020969063044 13.948448446746 1.54065282365361
1 0.330613118130714 3.3427670702532 3.56552087056842
1 9.30472785839811 1.51440231952524 5.49591318687737
1 7.77923046611249 12.6851497627439 36.4063733127882
1 4.26594920456409 9.53247633222093 4.31520797356942
1 7.7224231697619 5.94008273928141 15.7576414252876
1 4.41597922705114 9.34299867260758 3.63934050210785
1 8.17624568007886 11.2034822901306 31.9616012613988
1 5.74125092010945 6.17057132543746 18.6486671797522
1 5.52860143128783 6.09960953992839 17.9888488868081
1 3.98187615675852 5.97391541638669 4.11182500907735
1 3.99782200343907 7.20917192571896 4.62053189433712
1 3.82718266453594 1.65935933119025 3.16370504829657
1 7.86004503024742 2.53464506397717 7.77894865354306
1 0.0952650001272559 5.8582707869572 3.90785851287572
1 7.79840548755601 2.81271478969789 9.34763084747156
1 0.693529255222529 4.73847212052663 2.31404160235203
1 3.85907752905041 2.72635850943826 3.38147996591922
1 4.25252068787813 8.57433071022829 4.02260683326365
1 8.37367016356438 4.39686704511619 15.4211139854382
1 0.928163870703429 14.8594220660513 3.17519760661188
1 5.57596888625994 5.10404142735489 14.9293492312919
1 1.52972600189969 12.4915992158002 2.6297646982738
1 5.63993081683293 3.6551168868777 11.6039470695084
1 5.74314427096397 7.30529814639195 21.3018792111432
1 9.18269819580019 4.66256453557974 12.518287274237
1 0.513396123424172 8.32284170236992 1.9427769439141
1 7.21091697225347 6.69921963578031 19.307208250079
1 4.49487527599558 6.77175372237054 1.24656583189453
1 9.84808396082371 9.92823274625883 29.4952753849993
1 0.75265396386385 2.72835414839058 2.39087330493544
1 5.55529156001285 3.86383911953663 13.2003280263032
1 0.396563792601228 9.61086195355204 2.7431335928953
1 0.981825492344797 5.89607286105747 4.96586884858205
1 6.23381367884576 2.14096991559624 7.47731444890371
1 0.144752250052989 4.81830261263347 2.97881381421025
1 7.03458599513397 7.63393794391013 22.7150351456836
1 3.76519867917523 1.50005793801379 3.40508584707749
1 7.27754075312987 4.02555665375057 13.6448737602244
1 1.36435663793236 6.23721087292898 3.74305846711963
1 4.36818578979 2.36168401688186 1.40539183477397
1 5.85819153115153 5.86627405276798 15.6393495280262
1 2.04324659658596 8.49176597297154 3.46980760715172
1 1.86395588098094 3.58909102198465 1.3935641181144
1 2.42480779532343 12.6727455264889 1.04886508075801
1 7.72334618959576 9.08164316084818 25.2303955502177
1 1.30968355340883 21.236521201936 3.59424614293558
1 5.05636686226353 3.4021712509169 8.79207634996544
1 0.359602572862059 3.79882701579594 2.99490091871935
1 8.61134686740115 8.37203230344473 24.5616818979952
1 8.5841402108781 3.89379628827204 12.0909631513612
1 7.79524018522352 2.06666760313708 7.7687449532785
1 7.8645551414229 3.94558946382284 11.3562610782369
1 3.37476867251098 9.68529527407518 2.0793068359289
1 5.07224912522361 4.25542743889736 12.4365427056856
1 8.94505591830239 13.0207972777274 38.5057633021801
1 7.56579859880731 12.694476411453 38.108598697975
1 7.13738684076816 1.92078386976981 5.21328341621439
1 9.51324126450345 4.66632678997728 13.9684008126316
1 8.3944178163074 5.59868278045546 15.4245525726999
1 8.12602297635749 5.86026111929812 17.4881972925208
1 1.95236371364444 5.70571355226799 2.4875115076168
1 8.46572820330039 10.1903183803249 31.6565146178222
1 3.45731603913009 3.44996305888993 1.68536548604251
1 0.746882320381701 5.95206682498412 3.68178017862384
1 7.00242831837386 11.5122383104656 33.651800049475
1 9.0442454139702 2.70537199315567 7.02144805613573
1 2.8580485843122 12.2311551686936 4.73262995770662
1 1.00242296699435 1.09069365072632 0.162156677787388
1 6.15921209566295 7.79527162047829 24.2868163251614
1 3.32941422937438 12.5102458599828 1.47156361866731
1 8.08800316415727 2.93579868344255 8.28765940022847
1 5.09445814881474 1.84876234974097 4.15564692806387
1 1.67345426045358 6.00899374431254 1.20332383565061
1 7.36313491361216 16.0778782607814 46.5340647828212
1 1.22535895323381 13.3298028107223 2.45365632485008
1 3.27585734892637 7.18622387317414 2.36294758847229
1 1.67159230913967 12.5335797041517 2.29423801672036
1 8.63118559122086 1.45634906877638 5.10078472552071
1 2.15865262085572 2.52376501158248 2.56470112771429
1 5.66891365218908 5.74145006363976 15.412187156575
1 0.172486661467701 3.92060190255774 1.88644418321612
1 1.5364027582109 8.37134093390988 3.40718638766503
1 1.0091670579277 19.8323713439243 4.33085061937215
1 3.41430907836184 4.71404569990093 1.28582467957047
1 0.102087426930666 2.89354567722702 4.22253936583741
1 3.21665523573756 6.39785931655104 3.03344296532671
1 5.59764321194962 3.24436341217938 10.294472690929
1 8.16903795814142 5.88710678161947 15.8720052079757
1 9.74516034824774 6.40350901629919 20.1042580759275
1 2.43542936164886 23.1644355242411 3.36876296613155
1 3.50630736676976 7.28301377970829 2.09813924724327
1 2.4366520345211 4.64588962087432 2.43196905732507
1 8.99816746357828 12.2833684657615 35.3488078777965
1 5.45226259157062 18.6305288794486 54.8230590611698
1 9.49607825372368 10.5071948062682 28.6931905282123
1 0.114724906161427 5.09866893886161 3.94078017110369
1 7.51615184592083 4.05859011920613 12.2814914185692
1 6.4676624792628 5.28522622104469 15.6450372079535
1 5.17537370091304 6.52058412661283 19.4599949683078
1 3.1997004779987 2.2073693435661 2.26572853233719
1 7.7123171556741 5.63620436924077 16.4667457949828
1 9.26697250688449 13.037188022973 38.9733000215959
1 7.96242504613474 5.7982510844497 15.8139339077017
1 0.461866126861423 3.07613078628184 2.51239176173073
1 6.54449139954522 5.95382032371434 16.0430780367717
1 7.19771621748805 4.40025854772962 11.880958554681
1 5.7750912103802 10.2862852483841 31.1223388632175
1 6.80686706444249 5.22622465593043 14.6849766579869
1 5.5964429397136 2.09224653641757 5.02734540419076
1 7.54148340085521 13.4060588876298 38.2537125211359
1 7.25772339152172 9.12517580203496 25.4537993477315
1 9.52633992303163 5.51953301953138 17.5031639097792
1 1.76612787880003 4.30557509700536 3.36939458100467
1 5.68345361854881 2.87661913779577 5.99135201248471
1 3.8056140509434 6.10139936756624 1.89702529030882
1 2.52597905695438 9.240081993445 1.77725348535167
1 2.21627965103835 1.5541191178401 2.63979096520069
1 4.14612038526684 1.6245614697321 3.73168225526051
1 0.41172785917297 11.4916803477436 1.37046048358152
1 5.02080332953483 5.61658796109103 16.7598593212877
1 6.01205250248313 11.1518632457514 32.3898317752956
1 1.51107922196388 9.14056386684662 1.84815641499759
1 1.73302256502211 9.42485921936109 3.957218763103
1 1.97896952973679 6.39351213859934 1.88998361216506
1 9.48378976900131 2.38561435336362 6.55378076995353
1 8.16968457074836 4.77879178552743 15.0625398046731
1 4.04833604581654 2.85653089886217 1.43957739044283
1 1.9198454497382 6.67579955872668 2.18038869736873
1 2.6219639996998 4.16481687701131 1.55416490115747
1 2.3491332679987 8.12970939244993 4.79933498925146
1 7.34805727377534 5.99559021150794 17.9716271941177
1 0.515249108429998 15.3125833215604 3.03387950333639
1 2.38870813045651 10.0946176618635 2.44988996274305
1 3.61872425070032 1.61577433959129 4.30244434137451
1 4.10063680028543 3.18377937675884 2.14220397951338
1 0.928336337674409 4.81686519939546 4.45142236140293
1 0.394991999492049 1.11142876797296 1.66309983786286
1 7.38661902025342 16.3193179802886 48.2127095108114
1 3.55122021632269 3.86278490546785 1.68718658481791
1 2.3808966926299 2.71999122567519 1.08067642958027
1 8.57900219270959 3.03449441640636 8.61520530589733
1 8.47990553826094 6.25982812403712 17.4068087079328
1 9.54308804823086 4.97106304018438 12.9230061404902
1 6.97965603787452 11.6576196562061 34.0424779857033
1 3.63008499844 2.70232216662765 4.08738667164153
1 2.55467178765684 1.20595476859783 1.45887322192147
1 7.8120428416878 8.54680256959538 25.9873153584004
1 9.39494368387386 5.45478614837561 14.9446071656141
1 6.44546666182578 6.87345888589514 20.3926582821087
1 5.76105303596705 14.7070025865686 43.1953556302098
1 7.32599785085768 6.20985738410057 17.9877161848072
1 1.37812465196475 6.23335603041538 3.41878005027798
1 9.17370520764962 15.6480636589224 44.8445795824829
1 5.65532528795302 3.72226929017558 12.4745077629883
1 7.43993832264096 2.64257416195158 5.81511802396745
1 5.61673790682107 6.93064350692373 19.7240378259921
1 2.24087442737073 3.53719955440839 4.2723529006353
1 3.10599728487432 2.63415617901781 1.77028116930785
1 3.24287159135565 1.50852261506118 1.80619461009071
1 3.71811396442354 11.4173024573703 2.87640400648069
1 6.42516964348033 1.28649382661449 5.02774742998309
1 9.97898288071156 4.84090067397988 14.9946496327613
1 6.89555534161627 13.6371763599685 40.9902642874223
1 0.405810605734587 13.8669921602742 1.90009466253509
1 0.812138714827597 1.1435728899192 2.15893791968992
1 1.97856350103393 4.09489154932614 3.11611519344022
1 0.676921813283116 15.1911853640411 2.99432956777947
1 1.15105683216825 2.42651353936524 4.60422025032579
1 4.73918189993128 4.44750392585438 4.09962607307354
1 1.50334326783195 10.6173220617023 1.05578780215955
1 8.50849250797182 9.80261247744269 29.8170554248888
1 6.20819873176515 1.42959627603483 2.74640818298318
1 6.32010567001998 1.96808376619448 6.54784903617058
1 1.1804526578635 5.23771747266592 3.8910423988343
1 1.0206813341938 8.84895648585875 2.47599013009951
1 0.658926374744624 8.36604410654937 1.60678642792826
1 2.25159926339984 2.18316064411935 3.2406345773962
1 5.1981701888144 5.55013867417899 16.5795642580341
1 0.198241309262812 7.69315191713271 2.63790483589029
1 5.5535596376285 2.90626679850687 9.77926716797596
1 0.876964114140719 2.86855565983669 1.23111285701827
1 9.69909802777693 6.25894790560994 19.2103265886705
1 5.8563024061732 6.18146236610509 18.9576936754872
1 2.70205448614433 4.87818148573214 2.90896272861144
1 7.17514498624951 6.06368703696594 15.8674168672806
1 5.51557982806116 3.53875439658709 10.612349513355
1 8.59632265288383 14.5150312187889 40.6639579759427
1 8.73999296221882 3.56677073703545 11.3221083725142
1 0.125023818109185 12.7535163304499 3.60292017548052
1 1.67664264095947 8.68317755366543 2.28848394681186
1 5.79225914319977 2.54468336101386 7.24938482127897
1 3.09953329851851 3.70104554343229 4.97682801765733
1 2.47853768989444 7.37578589661613 0.829946095517822
1 5.97198737319559 15.0651743367899 44.7208790480567
1 6.44898743368685 2.79447159912854 10.4898720196798
1 6.16718621691689 4.2788145237 13.2061390524953
1 6.08880085870624 1.35515958164532 3.03041455897047
1 9.90321150049567 3.4477206238527 10.9879669506093
1 3.92831975128502 7.3155305130491 3.77431423601208
1 3.74143048422411 3.3664494932904 1.08509121010037
1 2.2167244553566 10.8356677958953 4.42316630049202
1 9.51044930145144 4.53274319605772 14.4153560782883
1 3.19023319520056 2.02259946547566 2.87884762402119
1 1.05753530282527 16.5460554176928 2.43084810048509
1 0.108541375957429 2.74917242426942 1.95483273164629
1 0.618569455109537 13.0138591948295 1.46334358040748
1 5.37944391136989 15.5086512964779 45.816039860621
1 6.58934928011149 8.58071647077058 26.7832453345832
1 0.141373905353248 2.62869882880381 4.61124091686383
1 4.9537852499634 3.96567777820044 3.43718153719477
1 9.91418770281598 6.75762513578415 17.9298513960221
1 5.89957440039143 4.54583308905017 12.80055118481
1 5.27255651308224 4.75671335269459 11.6974749171512
1 3.99586731567979 14.8861029181137 2.59377049992882
1 4.29145399248227 4.678453958316 4.64129451490504
1 6.32448163582012 7.47399906991811 21.3045168601793
1 0.124160549603403 17.8394215539587 4.38873408120531
1 6.80286358576268 6.00603938024732 17.2326068835643
1 0.912672346457839 7.83135202630283 4.9923518381176
1 2.97820187639445 16.747399386305 3.6702997650237
1 0.478572442661971 10.5359560172638 3.44862113741979
1 5.4401619057171 3.14784027227218 9.99098212394396
1 0.13516309671104 3.30999281378058 2.28195179844667
1 1.75695588579401 9.17496140575555 1.87831317013841
1 9.18142824200913 6.92121633425325 18.8378039212845
1 2.72105692187324 3.88544091713717 3.54522906409632
1 4.5118837733753 3.94444236362749 3.79240499760197
1 6.73033756902441 3.73801285413571 12.3515834480373
1 6.181928999722 3.19057445186456 9.50281143755501
1 3.82212617201731 3.11825120011378 3.77125845691456
1 8.27799454564229 2.99129791952343 10.2577302918555
1 6.78991083055735 3.89541633362312 11.4028703149685
1 7.62623417424038 9.11211636750838 26.5568572737963
1 1.57169757178053 15.9820975684505 2.91478996062727
1 1.00033356109634 11.4960183569466 1.98701113983612
1 2.18906997703016 7.51097403806947 3.29401297973446
1 7.43195266695693 2.97638873272211 8.04475118018236
1 2.74088774109259 7.64187009804242 2.71273389938455
1 7.3951811902225 2.69413301420032 7.76400464576883
1 6.53995287138969 1.19121670111688 3.60961071378156
1 8.51199346827343 8.31019650580248 23.0709225026605
1 4.10177624318749 5.71704545808191 4.07387981160882
1 2.58500593481585 8.68343485192335 3.04012733500168
1 3.25372422579676 7.69544191425113 2.02338971634981
1 7.38394229440019 9.84423328587597 29.7755318721067
1 8.33038627402857 2.65471880716689 7.2924743848527
1 0.126069588586688 7.00650827069199 3.36838307992616
1 1.7333073518239 3.05698803445646 3.13096568087157
1 0.279267083387822 1.71989297191629 2.63227977365808
1 7.29636719450355 6.30822863516981 20.0138109414642
1 6.57918952172622 1.4709190037622 5.07492546523629
1 4.9033490405418 6.59965557256824 1.95106710681204
1 0.458287743385881 8.89532382983846 2.95871327883504
1 2.87917273817584 9.54439362532223 3.08373305938313
1 2.00608086539432 7.12751976398766 3.27545206264398
1 1.71120269456878 8.95809788986206 2.36622900640851
1 4.32594741461799 1.67561430251734 4.26063122823662
0 7.01879762345925 6.41427451583337 18.1335112603716
0 8.00877877743915 4.58068847522837 10.5620195363398
0 2.13829879648983 5.07189729315715 -0.49587454722927
0 1.65400741621852 1.19156127652748 1.28966330571068
0 7.55379120353609 4.26763465115141 11.4988969056039
0 9.22271802322939 3.25063010935438 8.29493881266204
0 9.3044449086301 3.0597455608256 7.06589746623693
0 7.62775380862877 15.8776210862723 46.7779541673644
0 0.330201270990074 7.13783449963721 1.88793538693945
0 1.70697289751843 4.9005474186056 1.01722738058854
0 8.45279719214886 8.21387033085202 23.2407790462606
0 8.0025997152552 4.8811362841128 13.7755312225185
0 2.85900529008359 4.51207539090221 0.006173004237358
0 3.86858193203807 1.20840709579088 2.34262387806616
0 6.76915357587859 3.28071057086387 9.44193642221234
0 9.08149892697111 3.25870696963218 7.80361065547463
0 1.64368540514261 4.4480223183371 1.79346322837374
0 1.53820623178035 6.25397356685066 3.10788675712624
0 4.18341399403289 6.14567977137442 0.87610297764185
0 8.06308642262593 2.803918787838 7.88261485922379
0 1.9947513542138 8.39892823031119 0.233791581975676
0 8.76818483462557 4.38029949192619 12.0881929315687
0 5.00677593285218 7.12322826374285 20.7436120135758
0 0.111756247933954 1.72416297010784 1.34809163720854
0 3.23815386043862 11.2043267127269 0.534583791809109
0 5.45815849676728 4.41063992289472 12.2571402096315
0 6.87680064700544 2.68651404552448 8.15669602836718
0 9.09198254812509 2.08074200643958 4.16739731424649
0 4.95335392188281 10.9134165380335 -1.81306040173228
0 0.386790884658694 17.1022426316729 2.35286789621914
0 6.31469011306763 6.01801407257701 15.6410424067371
0 5.0649535912089 7.52178460589205 20.1306610909367
0 9.1798297315836 0.460027905884108 2.6810698934506
0 8.6035815323703 2.05343509074914 5.22524026239105
0 7.567601618357 2.01322975487116 4.69407117826515
0 6.43409877317026 4.51654145121955 14.2502071915318
0 7.5470459042117 2.56238494728037 6.81041199543626
0 6.99998698430136 4.34806036568836 13.6956272934107
0 6.32609739666805 13.3412421086331 37.5589330911397
0 3.32446952816099 8.69777710666379 -0.0343431677509978
0 2.51253550406545 6.31366029600558 -1.13547665108524
0 4.51774204848334 14.0898982000785 1.55761583372602
0 7.64533405890688 10.5368890043892 30.8509212138559
0 8.94513131119311 1.60820282022117 3.63210894169012
0 7.22020320594311 5.39403471033468 15.1272402211416
0 2.69861862296239 5.49970387582905 1.52627416492049
0 5.01946410397068 3.38397544221525 8.00993357694039
0 4.8967051343061 3.36762222046104 0.593056197557149
0 0.259780348278582 11.9187963803168 1.87733270065465
0 6.27018344355747 1.40341763556558 4.59786493188648
0 7.93357360642403 6.02178133704371 15.2841297247326
0 7.93068541912362 1.14833831092983 2.88455449292994
0 1.47637455258518 1.24798947227299 0.50789542350464
0 5.72132761823013 3.04182317846614 8.99854826871024
0 2.18543328111991 2.32232190725007 0.940142034158405
0 8.94940519705415 4.59830741656133 11.9917837215986
0 3.37400537217036 2.05194172138455 2.4885102232571
0 7.28070278884843 11.0950984741438 31.4272679256632
0 2.73726991377771 9.01256861060075 0.210068027981123
0 6.11233501462266 7.84509350546784 22.2543387442704
0 1.90514831570908 9.89950467652191 -0.26043850740046
0 3.78682658541948 1.85993360314687 1.46637913829504
0 6.55463400529698 3.32239619307261 7.16618050164962
0 4.9395700218156 4.87416696727475 1.83050172419709
0 2.60791746433824 4.35241258372807 2.36311005671037
0 9.31615627603605 6.2603542078342 18.4301942090514
0 5.37074086721987 4.4435251638212 13.3023697553937
0 4.92490614531562 2.11145453178102 -0.0259107600199859
0 6.31135701667517 5.01799228053075 13.366214815304
0 8.81205163197592 2.80380810437016 8.70318678612061
0 4.60682143457234 4.55834743461721 -0.486847960976523
0 2.42750660516322 1.67841552350378 0.424483324536635
0 3.70363303460181 4.86459157943989 1.31737354951156
0 8.74555521644652 11.6361099458639 32.701388429611
0 9.15374039905146 3.98282015879097 11.896106165415
0 6.467552438844 5.52465865687089 14.9287539140731
0 5.45471457066014 2.40175741813841 6.77135705245502
0 9.03578170575202 6.11615806854027 16.0278574421597
0 1.52716621523723 17.5236696367692 1.38515232213462
0 0.110140999313444 1.0227448040546 0.298818980578634
0 6.34206203510985 4.30831018856779 11.3457208845928
0 3.63025955390185 5.96379154086395 0.689559227881404
0 0.299305927474052 2.21219018475846 2.58417863441353
0 4.95116189820692 8.48006532305801 1.17100581051604
0 3.04697251878679 6.01604386698863 1.05129085878529
0 0.840115807950497 4.95122259268772 -0.529871678853946
0 4.72256891895086 3.43453775608025 0.798517010592385
0 3.63844325533137 3.89977299105768 -0.966055529810407
0 3.10762310866266 7.33153477872858 0.61424976860867
0 7.23979425150901 4.59891907921822 13.917035253936
0 4.22477406216785 7.6060492186794 0.946641401673574
0 6.34634148329496 5.66010506647158 16.9142156631771
0 4.84235360985622 6.95863923807359 1.53188428479891
0 0.481581164058298 3.96530002250678 2.19011314843334
0 0.111460292246193 8.78424864140206 0.777504220553757
0 8.52877904195338 5.021427918874 13.9186250509586
0 5.14164796099067 1.87625047888398 4.62590528795734
0 1.50898399529979 3.24817471273063 -0.737724521516945
0 1.62589426385239 4.04957720801366 2.09914680767663
0 1.22806937200949 3.21889005929345 1.32136732970981
0 2.03696175711229 3.56386743640865 3.61871787880584
0 6.7102820170112 3.14402473704286 10.0864338363541
0 6.49107762612402 6.3623056454658 17.6918340520038
0 0.042785806581378 5.75782502925147 0.561390661226116
0 1.7294548638165 14.7255659449946 2.01495795579203
0 0.959341514389962 11.8324224094613 1.54371452679578
0 8.34887002594769 0.882072598439353 3.12790457485777
0 7.25154803367332 3.24454462919769 8.98268943719524
0 4.14110884768888 6.54959566678296 -0.234027646133978
0 5.72577645070851 7.40033366300143 21.1588458559853
0 3.34350025979802 3.27695697518325 1.33110678886983
0 5.60996151994914 6.55859411492557 19.5039642953878
0 6.73044318566099 4.02729697488697 12.0482318123459
0 3.09513966087252 4.21509101145664 0.18465365946804
0 6.79681338835508 13.697197495966 37.4454380612076
0 6.63579291664064 5.82262177991717 13.0617965628596
0 7.07589943893254 4.04666551270347 11.2415912284855
0 6.73551149433479 5.95200702869046 17.3198358095228
0 9.81855811085552 2.38330810042961 8.61428916606307
0 5.81883587874472 3.84994910398312 11.1316120949038
0 4.7059145080857 4.89147360969587 1.68745250523597
0 6.17161742178723 6.89756278487215 19.282502555552
0 1.42849190160632 2.92268920629498 1.74130255036833
0 0.157892066054046 10.2560320099348 0.296117089175226
0 5.10276816086844 2.16197203562237 5.72175493456925
0 6.80986334569752 6.67798778491415 17.3432012896617
0 2.09228309104219 2.79412971587881 0.800058964596799
0 6.76054946845397 1.97744317773978 6.1674634524289
0 1.05751615017653 4.26391997217453 -0.526948764934924
0 4.53673204174265 6.10802184273373 2.25897326057361
0 9.99239741358906 11.9244835514035 33.0224568194647
0 7.79339053900912 1.3318402496047 4.15943846471782
0 3.32927598850802 0.528629113457624 0.790115615060355
0 3.13427713932469 1.15061135757543 1.19384441906366
0 8.9198530674912 2.43345314833261 6.26122778461816
0 5.66703255753964 2.1585773347753 5.51527356015615
0 2.92382185114548 7.44422883463488 1.62414175080198
0 4.35614312533289 2.52716155540076 0.142081738278483
0 1.59860512940213 9.49731664260398 0.711487147238959
0 7.90865794988349 4.73922061495778 13.0385029303067
0 6.53063988313079 1.68424661657368 5.81001615188622
0 7.43007673416287 2.80441803944578 7.92427287663641
0 4.01030953973532 3.6584245091959 1.49167072149271
0 9.16184994857758 7.593291645878 20.3379706575068
0 7.83171077491716 4.0587131065938 11.1947834600058
0 6.06307175010443 3.00765877515722 6.78918662604241
0 8.85643406305462 6.14330429775236 18.2126956777931
0 1.61842908477411 6.70755423751677 0.803343966571341
0 8.86665626196191 3.40771269755941 10.2340929878892
0 2.5316057074815 10.0647022306963 1.18798786108218
0 4.6067503397353 1.54391093741057 0.365013216014412
0 0.0503009674139321 10.6348000807449 1.2462832043345
0 2.96445827698335 6.52695811128208 3.50376746275793
0 0.793535762932152 4.33531700679737 0.872609601495259
0 5.31975206220523 3.48549836978393 10.5226033670422
0 9.45976293645799 11.693491583137 30.8103436840687
0 6.69619769556448 2.49617855237746 6.64600170529633
0 7.06028464715928 9.41079347730912 26.2427011692797
0 1.61807060940191 6.19697258258485 2.4973433260608
0 0.797468742821366 0.686389161090124 1.17227480646609
0 4.39329840708524 9.45329907891682 0.835798149554194
0 5.36548934644088 9.40269536715591 25.0283769663525
0 7.89116533938795 4.6095264596508 11.7217936676535
0 5.09898220188916 4.50817190266299 13.3413446016247
0 0.747238027397543 1.77352593864146 -0.20440911642857
0 2.4338090326637 18.3586311046035 0.108751249151249
0 9.39562084153295 5.40408816493305 16.2354443454072
0 7.05089401686564 2.59687281788819 8.02740727292328
0 3.49535184912384 4.05427767713946 1.08546890830413
0 1.94872162537649 7.18092011064434 1.46648559049553
0 7.56989548448473 2.08744536896234 6.36858620274981
0 9.80836602393538 10.6143968708963 29.1969095181587
0 0.775665142573416 7.63557001158733 1.34856115919006
0 3.82793979952112 4.53991516001637 1.40792049719396
0 4.14220205508173 9.33145764655752 1.98790924360863
0 5.32691701082513 2.53547290109805 6.71337245789629
0 1.46925338311121 7.88668863364839 0.679354990953965
0 5.74688037391752 4.96470500596864 14.985714012836
0 8.61750337295234 17.2719659927497 49.4284365755435
0 2.05229664221406 5.79787523878819 0.297420749004256
0 1.62208335706964 1.10383686350219 -0.0651780667904724
0 0.810048368293792 4.42260168936681 2.15252061076778
0 6.95551190292463 3.51582648549498 9.86317180392148
0 0.980504408944398 2.06432446015716 1.51235818609419
0 5.38162237498909 0.162935369930299 1.20661274569924
0 6.71129675582051 3.17829156912387 8.50358522991415
0 1.94614826701581 1.42971147703671 1.75596393132393
0 4.92060977499932 4.44570914470427 1.54039662941547
0 2.52215852728114 1.50671322194676 -0.0381495265844598
0 2.34114252030849 16.0792050529695 1.15291291950956
0 8.21205202955753 4.4823686031885 12.2244591572074
0 6.09670008299872 9.55548096048479 27.1666713336148
0 4.74701608996838 4.66581171440369 1.02162451743232
0 1.39790241606534 1.12801584357988 -1.30265409129817
0 1.10002360772341 7.50857201023793 1.95680143181853
0 1.31674919044599 6.34253560658446 0.378590406823167
0 9.59328564815223 5.33962017617246 14.6568491918544
0 1.52166890911758 3.30956384469807 2.37771182480312
0 2.34126708703116 5.83279922559972 1.61050883120349
0 2.57159892469645 1.23171788830724 -1.00462958563536
0 9.35552628012374 7.98569967598811 23.0431066652371
0 5.01340175280347 3.91551458910588 9.75635316232516
0 8.77520584035665 2.98755502057333 9.2761925837966
0 2.62020344380289 6.96650544877006 1.34045207456822
0 2.02999807428569 1.82097879291113 2.77330668246555
0 3.52653450565413 2.64504079296151 0.608655720785444
0 7.01668568653986 4.53710041344768 12.3254925461743
0 9.30199016351253 3.89781256785253 12.22454923452
0 7.3784160008654 10.0959491601783 27.0510378472982
0 6.94281254895031 5.08783417967004 12.6776275062129
0 5.10325519135222 2.11152880250793 4.85737240778087
0 0.434884380083531 4.32500684923162 0.0892449581445364
0 2.93071637162939 3.64531630767335 0.500944496837503
0 2.49770369147882 3.4701484383185 1.82106102868771
0 4.61807895218953 8.09562136487228 0.832299805352366
0 9.20242529828101 5.67651256938699 15.9755047094946
0 7.88740926422179 4.6612377580877 13.6917769665626
0 1.66118227876723 6.05817954188544 0.80964985577522
0 7.6825703936629 1.17650403252882 3.27850563919285
0 2.67537213861942 8.10566720963925 0.145088281474967
0 3.4112836397253 5.65769063027276 2.24652103417996
0 9.12199254147708 9.08790942328305 24.5635767542493
0 9.68465471174568 5.06416601327133 14.579683754526
0 0.57829943485558 8.02432288198252 0.756466888826512
0 6.93618909455836 2.53758994709044 7.11699929109463
0 4.60310310125351 2.79117531196345 0.342651666325266
0 2.75387755595148 5.43488946223515 1.09047276855277
0 4.19970932649449 4.44778695959941 0.409519030154932
0 9.71784670837224 22.5735239737494 63.8049551650884
0 0.634696513880044 5.9776836963615 1.54221421088024
0 9.85859888838604 15.5868544879269 44.8534906048804
0 3.47792760934681 13.5971646770335 0.976743137564937
0 2.99939868040383 14.2168991444533 -0.73863907822858
0 5.85970541229472 2.14221728332519 4.86751069156397
0 4.89303261041641 0.597313804671459 1.52713128871216
0 7.18702893704176 3.15269660713151 10.5006229139885
0 9.27393088815734 7.06750602634575 19.2096899630526
0 2.85147298825905 7.70048723142947 0.729315111213091
0 1.2571748602204 6.42522511426224 1.60455184879451
0 8.26141066616401 1.94724080086796 6.20607436308374
0 6.08069226145744 5.32798988243733 15.3423585454399
0 5.46767061576247 17.6431148085043 49.3062775335085
0 7.1699263737537 3.38980919369123 10.1731281255742
0 7.51925025135279 2.22558338240006 7.06334959320658
0 0.573657352942973 5.08622333363357 1.52410063333541
0 4.91330642951652 4.58456550914819 -0.929048371816062
0 8.08543842518702 9.71283720027673 28.0690279673965
0 7.21813444979489 3.78544375177858 9.59002405931159
0 5.55736575741321 5.82315406628976 17.0989684163306
0 1.13140749046579 3.71905573816642 0.923747511494859
0 7.23186270333827 10.3876759897947 27.313211582602
0 0.925163179636002 3.27923045950059 0.558002698016276
0 4.46744062472135 13.8911372194875 1.63931406582876
0 8.29446365823969 1.55719150478133 6.170270153821
0 8.12373955268413 1.43137246044477 4.31555041676969
0 8.05106687359512 8.88554707919301 25.5403025206213
0 3.85928065516055 0.908270634836761 1.88469112583827
0 8.55607396457344 12.3478621739471 33.0365326507798
0 7.14623597217724 4.00964329647084 11.8547872601327
0 3.62950246082619 13.8468521045585 0.413387347095459
0 2.34587585320696 4.44828781246744 2.43713569078203
0 4.47980386437848 5.71229790609843 -1.05485174630316
0 5.76306900940835 0.907046880133482 1.74914210024065
0 7.77442976366729 4.72422253767005 12.4747340199276
0 7.6659305812791 2.96769314906407 9.28380406553002
0 3.10686375945807 8.56010663639054 1.39449761910379
0 6.96090014884248 1.26734037286185 3.76401732497393
0 8.67223043460399 4.710855950989 13.9566816245977
0 6.04597859084606 15.2230557197632 44.0094987420879
0 9.2771232011728 7.80048119011217 23.4933915832857
0 2.73945062654093 7.11489891147546 -0.731025024646925
0 7.37153093563393 4.17717259455676 11.8403066569059
0 3.33798867883161 9.3144352013563 -0.306984962433278
0 9.65366952121258 7.87746139026859 21.2666768858243
0 4.70562694827095 5.16982384370159 0.730249072699704
0 3.74377324944362 5.18555519035885 -0.013273531433204
0 6.4118138095364 2.34994927016947 7.09694084863791
0 9.24763750750571 4.62582344573097 14.8161916648321
0 7.29309995193034 6.25146770049894 17.6325208248672
0 0.286345407366753 4.09826842127736 -0.585163419770894
0 1.54635634506121 5.71798020241323 0.952204509586532
0 5.98557606572285 8.84952636939708 26.0794614117054
0 0.339207374490798 1.00558224781947 1.63006144990008
0 4.77686499943957 12.4901409190841 0.995736097979275
0 7.8373635513708 3.17569642199116 6.54771334103086
0 0.606572690885514 0.6203036973358 1.59727835173132
0 9.46361165028065 2.63558142645981 7.86849836150728
0 5.25274250423536 2.73702005012165 7.94804346018789
0 9.25386261893436 15.8424643943896 41.9068054557006
0 7.5126305827871 3.82450529329923 10.815747285752
0 8.72944886330515 5.99494113490628 16.919859059072
0 5.78260059934109 1.5375135821984 4.75671637156305
0 8.95715566817671 11.3145759307738 31.5493222733329
0 5.92614009743556 5.53012639724552 15.7692284928165
0 4.14218537276611 0.48863986248288 1.86490005712616
0 0.820369480643421 3.79081289371358 2.07627937154234
0 4.23943419475108 2.44210220077227 1.77525676821781
0 6.24686713796109 8.15524707777177 23.6779683276891
0 0.377523261122406 13.1551826955975 1.69609248426424
0 8.03744586184621 12.9761569104087 35.172966868985
0 9.22772634541616 5.68384288091652 14.4851611348121
0 3.81869636010379 9.73248294587582 1.3492273388363
0 3.29571664566174 3.08886881356312 -1.00418293323503
0 0.0135975843295455 1.07521938935377 1.90123329127094
0 4.10452253185213 3.74050917728871 1.23479481096292
0 5.48867795849219 3.9249285482148 12.4199392079071
0 5.69965780479833 2.92373721128816 9.79267417013281
0 0.0909612793475389 5.53588134879967 0.882594882870454
0 9.34536032145843 3.88982425081635 9.65907973236363
0 2.09450918482617 1.15696476990752 0.638999179219243
0 0.799508700147271 6.96775637377382 3.08871203588371
0 1.96144176879898 10.4611613842069 1.56184602571682
0 5.03600973635912 3.80632777284857 10.6433030540141
0 8.71208557626233 6.98947945943288 20.0005510505801
0 2.91262989165261 1.59487394095709 -0.0782935275018355
0 7.59852346498519 6.55970123175574 16.9571471739368
0 2.56831068778411 2.48796993230378 0.437279324910334
0 7.97761455643922 2.146388067097 5.97591562428324
0 0.487740347161889 10.2110624872734 2.43537641504605
0 3.6318049649708 4.24214930250797 1.79863662779143
0 8.47285974537954 2.59199951798283 8.1360577950069
0 5.76433298876509 9.63244305166765 27.1317174056608
0 5.60247346526012 1.65538184043876 6.03862369293434
0 6.43329538404942 2.90401217305138 7.97072599486954
0 5.96393762854859 4.50198998193545 12.2781941941402
0 1.34320115670562 6.69760156431525 1.20501312618342
0 7.25650654407218 1.71844068431025 3.73415082949978
0 8.21799997473136 4.05882806858244 11.6339840620863
0 5.92431615339592 7.97464410014202 23.2767969867156
0 4.02844143798575 8.6772607031809 2.30154673717556
0 9.71081599825993 3.26688628422602 8.85629901208734
0 7.14701430639252 5.31492921279025 13.7591937165947
0 2.26024606032297 6.51592165961053 0.305149130372718
0 6.95936700562015 7.22313933425991 19.0337897888157
0 4.04086283175275 14.77806416344 0.0705273522447605
0 2.52167463768274 0.927880764745666 2.58127446428597
0 2.03375783050433 4.77251359174556 -0.970796238460493
0 3.51377842016518 3.12110577533062 -1.13773461828343
0 2.68966694362462 5.58005111078999 1.51666841995257
0 2.11934222839773 4.45722934929936 0.27735618551021
0 7.9593716096133 7.34955872390479 20.5521067296223
0 2.68590979045257 0.961025408457684 1.59704358438946
0 2.67783214338124 11.7875086416809 1.26727251606611
0 0.451171239838004 3.82819608431156 1.52946886235015
0 5.48013616120443 4.24014144702476 11.4954915873711
0 7.85938349319622 3.84690511721434 13.4556551008348
0 4.69096794957295 1.83555471854625 0.284594687010665
0 4.17615980142727 6.22379100727068 2.49159861351377
0 2.96487994026393 3.8285789251814 2.7671214183528
0 0.551630000118166 3.7294481517216 2.20320709175102
0 4.84599867835641 4.81191150750268 0.822413198422617
0 9.4570499425754 14.488983596993 39.9230525138311
0 2.39179388154298 3.35390765080318 1.64097643950246
0 2.1408325037919 3.32935626170906 1.5502339345438
0 4.33924043318257 2.25383377268749 1.14753601763887
0 9.07662282697856 2.11698740557554 6.16942220870685
0 2.45794960064813 1.44752160921089 0.279057211345617
0 9.0048466809094 2.80132919525707 7.1205700176014
0 1.62471117218956 2.81721029556209 1.23383613966857
0 3.95897532114759 2.31857380217198 1.82041766037521
0 3.9119463483803 7.37511412444695 0.361130350806465
0 6.53677511727437 3.61236395219118 10.3656769920112
0 7.52800431102514 2.7465390111126 7.60838993808157
0 1.15752394078299 3.99680940839168 1.10841600763315
0 3.59491730108857 3.70588559347417 -0.0529457839631418
0 7.03608552459627 6.30917150553405 17.7650766520677
0 8.07880401611328 5.08864258205752 13.8181244492547
0 9.36370748095214 3.99189130912872 12.6796018669662
0 5.70763625903055 12.6050337867529 36.2713025780125
0 8.09330098330975 11.2994508362752 31.9235944153315
0 1.01309760473669 4.68111086658867 0.399945737066904
0 2.84039637073874 5.08854992670354 1.5368769276238
0 4.60321699734777 12.2816442586171 1.39902890041324
0 1.28834613133222 5.89736233163332 1.27128016500797
0 4.97056902851909 2.48384012368084 0.491354216505845
0 5.96182662760839 5.50865247001903 13.5444684607412
0 1.72096463851631 8.18461742861112 1.12195975647387
0 1.84271067613736 6.20386794181928 0.553395541691883
0 5.59556221356615 2.29680730334069 5.97299499658911
0 1.00460881134495 10.3906245570311 1.62082449360097
0 8.90815563034266 2.35718355647584 7.38985539083972
0 2.69631418166682 4.06967059202481 1.29016507443123
0 1.03047326905653 3.30607544253297 1.67506670450656
0 0.0564037053845823 4.19734133248105 1.32587431466681
0 0.804248545318842 4.06549300839656 1.14583978702151
0 7.9060522839427 2.22551534936802 7.16391700444608
0 5.58259831275791 0.896396182419424 2.23485511430243
0 6.49823242798448 2.02587650974757 6.16352072545406
0 2.0895010093227 6.71236671118117 0.931623363232002
0 8.84596626739949 6.95487107812966 20.1018517124958
0 4.61104158544913 2.49124384076172 1.25540392557639
0 0.300650156568736 5.97587843000121 -0.438343311431445
0 8.37062998209149 3.28922630920268 9.92014408969448
0 4.97123952955008 10.1605374092083 0.934550544422366
0 5.99681028164923 6.73803832436334 19.3063620676238
0 6.55780146364123 8.60211273216967 25.659538991658
0 6.87211693031713 2.6993686683558 7.34517606623169
0 4.8221029760316 5.72215731452583 1.10622908627117
0 8.72654607985169 6.57268190940001 18.4605771186086
0 3.01753747975454 5.00898529697848 0.993750724932592
